# ...0
[[105849372541256,140737482541256]]
# ..3,0
[[105849572541256, 114349222541256], [127543372541256, 131941422541256], [136339472541256, 140737522541256]]
# ..5,3,0
[[105849572541256, 106102872541256], [107752147541256, 108301897541256], [108851672541256, 110500922541256], [114349222541256, 114349222541256], [136889222541256, 137438972541256]]
#...5,5,3,0
[[105849572541256, 105896722541256], [105965447541256, 106102872541256], [107889597541256, 107958322541256], [108027022541256, 108095747541256], [108233197541256, 108301897541256], [108989097541256, 109057822541256], [109126547541256, 109195272541256], [109538847541256, 109607572541256], [110088622541256, 110157322541256], [110226047541256, 110294772541256], [110363497541256, 110500922541256], [136889222541256, 136957922541256], [137438972541256, 140783747541256]]  
#...1,5,5,3,0
[[105849572541256, 105853772541256], [105879535041256, 105888135041256], [105974035041256, 105991210041256], [106025572541256, 106034160041256], [106042747541256, 106059922541256], [106068522541256, 106077110041256], [106102872541256, 106102872541256], [107949710041256, 107958310041256], [108078560041256, 108087147541256], [108241772541256, 108250360041256], [108267547541256, 108276135041256], [108301897541256, 108301897541256], [109049222541256, 109057810041256], [109178072541256, 109186660041256], [109598985041256, 109607572541256], [110148735041256, 110157322541256], [110277585041256, 110286172541256], [110372072541256, 110380660041256], [110423610041256, 110432210041256], [110440797541256, 110449385041256], [110466560041256, 110475160041256], [110500922541256, 110500922541256], [136889222541256, 136897797541256], [136914972541256, 136923560041256]]
#...4,1,5,5,3,0
[[105882755041256, 105883829041256], [105980465541256, 105981539541256], [106049185041256, 106050259041256], [106068522541256, 106070660041256], [106077102541256, 106077110041256], [108081778541256, 108082852041256], [108248208541256, 108249282041256], [108267547541256, 108269683541256], [108276125541256, 108276135041256], [109181290041256, 109182364041256], [109601123041256, 109602197041256], [110280801541256, 110281875541256], [110378512041256, 110379586041256], [110447231541256, 110448305541256], [110466560041256, 110468706541256], [110475149041256, 110475160041256]]
#...3,4,1,5,5,3,0
[[105882889291256, 105883023541256], [105883426291256, 105883560541256], [105883694541256, 105883828791256], [105981136791256, 105981405041256], [106049856291256, 106050124541256], [106068522541256, 106068646791256], [106069183541256, 106069317791256], [106069586291256, 106069720541256], [106070257291256, 106070391541256], [106070660041256, 106070660041256], [108081912541256, 108082046791256], [108082449541256, 108082583791256], [108082717791256, 108082852041256], [108248879541256, 108249147791256], [108267547541256, 108267670041256], [108268206791256, 108268341041256], [108268609541256, 108268743791256], [108269280541256, 108269414791256], [108269683291256, 108269683541256], [109181424291256, 109181558541256], [109181961041256, 109182095291256], [109182229541256, 109182363791256], [109601794041256, 109601928291256], [110280935791256, 110281070041256], [110281472791256, 110281607041256], [110281741291256, 110281875291256], [110379183291256, 110379451791256], [110447902791256, 110448171041256], [110466560041256, 110466693291256], [110467230041256, 110467364291256], [110467632791256, 110467767041256], [110468303791256, 110468438041256], [110468706541256, 110468706541256]]
#...0,3,4,1,5,5,3,0
[[105882922791256, 105882939666256], [105883459666256, 105883476541256], [105883526791256, 105883543541256], [105883728166256, 105883744916256], [105981153416256, 105981170166256], [105981237291256, 105981254166256], [106049872916256, 106049889666256], [106049956791256, 106049973541256], [106068562791256, 106068579541256], [106069200291256, 106069217041256], [106069233791256, 106069250541256], [106069284166256, 106069300916256], [106070257291256, 106070274041256], [106070357916256, 106070374666256], [106070391416256, 106070391541256], [108081946041256, 108081962916256], [108082482916256, 108082499791256], [108082550041256, 108082566791256], [108082751416256, 108082768166256], [108248896166256, 108248912916256], [108248980041256, 108248996791256], [108267586041256, 108267602791256], [108268223541256, 108268240291256], [108268257041256, 108268273916256], [108268307416256, 108268324166256], [108269280541256, 108269297291256], [108269381166256, 108269397916256], [108269414666256, 108269414791256], [109181457666256, 109181474541256], [109181994541256, 109182011416256], [109182061666256, 109182078541256], [109182263041256, 109182279791256], [109601810916256, 109601827666256], [109601894791256, 109601911541256], [110280969291256, 110280986166256], [110281506166256, 110281523041256], [110281573291256, 110281590166256], [110281774666256, 110281791416256], [110379199916256, 110379216791256], [110379283791256, 110379300666256], [110447919416256, 110447936166256], [110448003291256, 110448020041256], [110466609291256, 110466626041256], [110467246791256, 110467263541256], [110467280291256, 110467297166256], [110467330666256, 110467347416256], [110468303791256, 110468320541256], [110468404416256, 110468421166256], [110468437916256, 110468438041256]]
#...6,0,3,4,1,5,5,3,0
[[105883732291256, 105883734391256], [105981155516256, 105981157616256], [106049875016256, 106049877116256], [106068575316256, 106068577416256], [106069202316256, 106069204416256], [106069246391256, 106069248491256], [106070259316256, 106070261416256], [108082755541256, 108082757641256], [108248898266256, 108248900366256], [108267598566256, 108267600666256], [108268225566256, 108268227666256], [108268269641256, 108268271741256], [108269282566256, 108269284666256], [109182267166256, 109182269266256], [109601812941256, 109601815041256], [110281778791256, 110281780891256], [110379202016256, 110379204116256], [110447921516256, 110447923616256], [110466621816256, 110466623916256], [110467248816256, 110467250916256], [110467292891256, 110467294991256], [110468305816256, 110468307916256]]
#...1,6,0,3,4,1,5,5,3,0
[[105883734121256, 105883734381256], [105981155516256, 105981155746256], [105981156266256, 105981156786256], [105981157576256, 105981157616256], [106049875016256, 106049875216256], [106049875746256, 106049876266256], [106049877056256, 106049877116256], [106068577096256, 106068577356256], [106069202316256, 106069202576256], [106069203096256, 106069203616256], [106069204406256, 106069204416256], [106069248181256, 106069248451256], [106070260326256, 106070260586256], [108082757371256, 108082757641256], [108248898266256, 108248898476256], [108248898996256, 108248899526256], [108248900306256, 108248900366256], [108267600356256, 108267600616256], [108268225566256, 108268225826256], [108268226356256, 108268226876256], [108268227666256, 108268227666256], [108268271441256, 108268271701256], [108269283576256, 108269283836256], [109182269006256, 109182269266256], [109601812941256, 109601813171256], [109601813701256, 109601814221256], [109601815011256, 109601815041256], [110281780631256, 110281780891256], [110379202016256, 110379202256256], [110379202776256, 110379203306256], [110379204086256, 110379204116256], [110447921516256, 110447921726256], [110447922256256, 110447922776256], [110447923566256, 110447923616256], [110466623606256, 110466623866256], [110467248816256, 110467249086256], [110467249606256, 110467250136256], [110467250916256, 110467250916256], [110467294701256, 110467294961256], [110468306836256, 110468307096256]]
#...5,1,6,0,3,4,1,5,5,3,0
[[105883734377256, 105883734381256], [105981155542256, 105981155574256], [105981155608256, 105981155640256], [105981155672256, 105981155738256], [105981156328256, 105981156360256], [105981156590256, 105981156624256], [105981156656256, 105981156688256], [105981156754256, 105981156786256], [106049875018256, 106049875052256], [106049875084256, 106049875116256], [106049875150256, 106049875216256], [106049875804256, 106049875838256], [106049876068256, 106049876100256], [106049876132256, 106049876166256], [106049876230256, 106049876264256], [106068577354256, 106068577356256], [106069202372256, 106069202404256], [106069202436256, 106069202470256], [106069202502256, 106069202568256], [106069203158256, 106069203190256], [106069203420256, 106069203452256], [106069203486256, 106069203518256], [106069203584256, 106069203616256], [106069248443256, 106069248451256], [106070260450256, 106070260482256], [106070260548256, 106070260582256], [108082757633256, 108082757641256], [108248898274256, 108248898306256], [108248898340256, 108248898372256], [108248898406256, 108248898470256], [108248899060256, 108248899094256], [108248899322256, 108248899356256], [108248899388256, 108248899420256], [108248899486256, 108248899520256], [108267600610256, 108267600616256], [108268225626256, 108268225660256], [108268225692256, 108268225726256], [108268225758256, 108268225824256], [108268226414256, 108268226446256], [108268226676256, 108268226708256], [108268226740256, 108268226774256], [108268226840256, 108268226872256], [108268271699256, 108268271701256], [108269283706256, 108269283738256], [108269283804256, 108269283836256], [109182269260256, 109182269266256], [109601812973256, 109601813005256], [109601813037256, 109601813071256], [109601813103256, 109601813169256], [109601813759256, 109601813791256], [109601814021256, 109601814053256], [109601814087256, 109601814119256], [109601814185256, 109601814217256], [110281780889256, 110281780891256], [110379202052256, 110379202086256], [110379202118256, 110379202152256], [110379202184256, 110379202250256], [110379202840256, 110379202872256], [110379203102256, 110379203134256], [110379203166256, 110379203200256], [110379203266256, 110379203298256], [110447921530256, 110447921562256], [110447921596256, 110447921628256], [110447921660256, 110447921726256], [110447922316256, 110447922348256], [110447922578256, 110447922610256], [110447922644256, 110447922676256], [110447922742256, 110447922774256], [110466623866256, 110466623866256], [110467248882256, 110467248916256], [110467248948256, 110467248980256], [110467249014256, 110467249080256], [110467249668256, 110467249702256], [110467249930256, 110467249964256], [110467249996256, 110467250030256], [110467250094256, 110467250128256], [110467294955256, 110467294961256], [110468306962256, 110468306994256], [110468307060256, 110468307092256]]
#...7,5,1,6,0,3,4,1,5,5,3,0

